0,562
0,561
0,560
73,66
236,52
236,51
236,50
236,49
236,48
236,47
236,46
236,45
236,44
236,43
236,42
236,41
236,40
236,39
236,38
236,37
236,36
73,24
73,23
73,22
73,21
73,20
73,19
73,18
73,17
73,16
73,15
73,14
72,1
72,3
236,35
70,1
70,3
14,5
3,2
10,76
10,158
10,102
10,190
10,236
10,196
10,224
10,174
11,6
11,10
11,20
11,26
11,2
11,3
8,9
8,12
8,17
8,7
8,13
8,2
8,3
0,531
12,2
12,1
12,3
20,2
20,1
20,3
19,2
19,1
19,3
18,1
186,6
18,3
186,5
186,4
186,3
186,2
186,1
186,0
14,1
107,3
14,4
107,2
14,3
107,1
107,0
13,1
106,3
13,3
106,2
106,1
106,0
105,3
105,2
105,1
105,0
104,3
104,2
104,1
104,0
103,6
103,5
103,4
103,3
103,2
103,1
103,0
102,7
102,6
102,5
102,4
102,3
102,2
102,1
102,0
101,3
101,2
101,1
101,0
100,4
100,3
2,2
100,2
2,1
100,1
2,3
100,0
99,4
99,3
99,2
99,1
93,3
93,1
